# Fix print output for fix 3
4.07911373553639
7.14338856454306
9.6080220541381
11.583431224232
13.5363849999128
15.724752322343
17.5783975430183
19.7161734962719
21.8258062419524
24.2521469865568
26.7969440290543
29.773524103318
33.1734370355748
36.1698023986859
39.2236417129847
42.1718020326477
45.3113245986339
48.6732724423825
52.011264745791
55.1011503580365
58.3924901507013
61.5331967275984
64.6524553447443
67.6843819980617
71.0815886588465
74.0181584856821
77.4561942156752
80.4926447951797
83.6689704911062
86.9572563897335
90.2290455100739
93.6336429869282
96.8798160504009
100.203253905458
103.278403333819
106.500358173489
109.682257381346
113.075692780915
116.433474134171
119.99832119523
123.551545864399
127.115484470351
130.550092337716
134.324727171557
137.89926190638
141.257007660001
144.936077059802
148.509960164323
152.366642649733
155.918783355072
159.660593303851
163.693312967455
167.25863693549
170.862218129784
174.702922460395
178.596219690948
182.183720207845
185.618804335519
189.197814254596
192.796874934336
196.482673557885
200.039331842405
203.932937634348
207.802589173939
211.609594805446
215.44418075211
219.24269611901
223.205385132007
227.127377592914
230.672151271452
234.256138320093
237.77248607163
241.504010699289
245.017391978742
249.012709763744
252.573753850167
256.206265797869
259.964007853565
263.765839851352
267.405939547954
270.967104052549
275.028697007857
278.824807177325
282.383742833866
286.074302816521
290.05281701849
293.842511192621
297.816035891703
301.30981477854
305.035942078504
308.869371273648
312.685129480071
316.243053031397
319.807455878881
323.394708992497
327.137548577485
330.855233875913
334.608227013923
338.141662959328
341.954741013409
345.452800266219
349.239024878198
352.872412145562
356.721630094122
360.56382603382
364.357150997271
368.089658099888
371.829666623356
375.312903320482
378.828533283958
382.471941232172
386.12834375121
389.769039242283
393.330913253196
396.839418069617
400.20622513552
403.962302777544
407.742538340293
411.49824324453
415.304116242967
418.811271011842
422.289179209724
425.891438589534
429.567267322761
433.230989089942
436.895742945196
440.523087608934
443.944374097356
447.525496995501
451.011515874409
454.512025653885
458.301665918747
462.08325823486
465.854166229002
469.632598338627
473.385356362656
477.235092791531
480.741091272464
484.756119208398
488.460557139201
492.258414071893
495.970851032974
499.369758390422
503.016570589557
506.438178639722
509.933658951788
513.664447544516
517.250973023453
520.737053426141
524.306599474012
528.091142626873
531.777895135092
535.395697953872
539.060483560914
542.651152154365
546.295387471494
549.887308556874
553.318254480433
556.75498049221
560.49702292184
563.973720635848
567.781223016823
571.274465916661
574.863808007292
578.603270984144
582.428801818917
585.861670191851
589.353427361542
592.736264515724
596.29495361883
599.876298133194
603.672793043641
607.474911963974
610.935005308594
614.298809841391
617.800317585829
621.477074179192
625.020982537604
628.908283166371
632.43225519199
635.789807773009
639.565533385347
643.110927126232
646.85925894969
650.195878961372
654.051997742151
657.735495613485
661.320962645956
665.147555182727
668.736570710398
672.404787366485
675.82039292139
679.703121946222
683.779116774138
687.356187467581
690.777690611573
694.421969702695
698.110413573184
701.765028436041
705.194383289635
