# Fix print output for fix 3
17.3422068788531
32.5349713991644
46.535095008313
60.3729271511856
74.033972389396
87.3329852012681
100.326814449899
112.232782455894
124.522533294739
136.005252752158
147.544459891108
159.052424848159
171.09965157877
183.399285818361
195.60735023312
208.201621885586
220.755621731702
232.976264052505
245.326144012973
257.60724293736
269.603734504003
281.277452838546
292.506943863482
303.460519781207
314.969500903878
326.100605939708
337.6837581874
348.745361338811
359.59289247601
370.813466035033
381.856340934767
393.254213993532
404.226686543461
415.238605621064
426.430455019843
437.862144250138
449.11434030773
460.256353439706
471.835494027223
483.301456301853
494.416025387513
505.424354567571
516.029469264455
526.711586741691
537.461044143367
547.745392153208
558.359633543596
568.840521678822
579.310596894964
590.092930965513
600.37390559233
611.063015513882
621.554794455023
632.587398421771
643.572228115934
654.174108758134
665.024705851468
676.261051685544
686.595447972436
697.210632221905
707.91380905856
718.238421149087
728.82840665206
739.024960200842
749.149163495838
759.693157769919
769.78392330395
780.023112046739
790.534808841682
801.090031747833
811.66076243956
822.303316252142
832.191498379841
842.587964671008
852.929304480452
863.333469452292
874.141610172039
884.889590798672
895.407379615561
906.126086920603
916.835860962118
927.321194244486
937.784356099739
948.0981941108
958.240485192238
968.610354766559
978.760150688456
989.216771192245
999.529292657283
1009.67385502177
1020.16707394682
1030.27226431864
1040.1861266344
1050.09410405392
1060.44047778723
1070.92048581146
1081.57256423804
1091.97248742901
1102.32217116326
1112.64115348239
1122.84275991898
1133.09984248073
1143.43791906118
1153.91788767472
1164.29129972391
1174.20780536771
1184.19113300923
1194.70744074391
1204.69823918318
1214.51690928893
1224.62450711425
1234.81648170037
1244.75246164801
1255.45403246193
1265.63345281509
1275.9363167195
1286.23498213719
1296.39691769163
1306.44588288749
1316.72326998847
1326.60263278189
1336.32856974312
1346.64533204066
1356.40302033656
1366.55619493997
1376.48056341881
1386.43182233524
1396.41027654875
1406.49822470368
1416.66505680735
1426.94500893111
1437.03654865043
1447.14313751889
1457.59730603759
1467.30176621
1477.56530398649
1488.05013228633
1498.00641579858
1507.98819537628
1518.40193676946
1528.64065781209
1538.75893097218
1548.60528984462
1558.94956202248
1568.73742723093
1578.59440277685
1588.52896580887
1598.5297851738
1608.23555306542
1618.55840100557
1628.55935807614
1638.48065259948
1648.44799432532
1658.30046933269
1668.66717628511
1678.75008021359
1688.77331035612
1698.76005874523
1709.1044310208
1718.86914378237
1728.77261793826
1738.83665497902
1748.72944577032
1758.65251236697
1768.77796325247
1778.44713809625
1788.29397506039
1798.04119990667
1807.8998479429
1818.04223898613
1828.30339618781
1838.72530068701
1848.69924527523
1858.69784651404
1868.90053361703
1878.76752672538
1888.86808685874
1898.47494787281
1908.51989053441
1918.49401940859
1928.33134461174
1938.21277672834
1948.01338015203
1958.10292512938
1967.29064831403
1976.58672573533
1986.39600690177
1996.22704259519
2005.79936511711
2015.67018386111
2025.1946926844
2034.88824594676
2044.80145328858
2054.47116425606
2064.28676058928
2074.40451371462
2084.38379253501
2094.36212554027
2104.24816145175
2114.08169030518
