# Fix print output for fix 3
43.2771349126146
75.9064431887797
101.936203594955
121.807887838622
137.146460001757
149.438221484697
160.814978178645
170.591716120357
178.92726186463
186.89115089412
196.325928794561
213.252823860683
235.438040851745
255.191704744531
274.549685377067
290.727091174006
303.205893820796
313.236830854093
322.999457327823
332.924257954417
342.694805598905
351.766033592116
360.804813679259
370.304696911094
379.617848248672
391.185607885935
401.97822698959
412.311784304862
422.819567359931
433.439664659065
444.44629849011
454.304961555188
464.210332497285
475.036150434907
486.201199330095
497.049690474916
507.21724857606
517.595045100646
527.972691681897
538.97644990713
549.508349120723
560.191813951874
570.301672636723
580.459687807589
590.095821092618
601.428089340295
612.722586314536
623.953261936822
634.723752071008
646.370631686264
657.802540004838
669.371430692154
682.039490783275
693.551772545074
704.468018200874
715.195760704608
726.29498429211
736.917077974655
747.77736326305
758.24823061168
769.137023188402
779.733482852565
790.515471984876
801.549464017002
812.647204376514
823.138658758633
834.238931325396
844.956101051967
856.21545255222
866.627384360724
877.380815068342
888.394933427782
899.432594949141
910.349454895408
920.859662454531
931.984589176307
943.110044391611
953.591914197538
964.833674236117
975.769090983652
986.765605135992
997.576871887882
1008.10576396202
1018.87833184147
1029.41921390571
1040.10919000626
1050.69169789013
1061.75605884339
1072.38055028704
1082.94025448605
1093.90019016717
1104.71931659817
1115.59919856739
1126.88615002886
1138.32932771022
1150.20339467137
1161.64258058756
1172.60583500364
1183.73658806138
1195.04748967431
1206.39231210422
1217.64632895223
1228.46754715664
1239.90341843729
1250.77818373258
1262.11385045408
1273.20522847245
1284.44256403029
1295.83303690404
1306.69134572949
1317.75360308789
1328.76191347571
1340.02439287293
1351.06123991446
1361.91730678145
1372.80809525988
1383.53864094412
1394.57404594143
1405.26524568584
1416.58532538698
1427.25025240326
1438.35842866036
1449.23583328583
1460.45754769195
1470.85521314435
1482.23542121858
1492.9185947727
1503.50450182619
1514.51271277228
1525.16484786664
1536.23192830255
1547.11308370628
1558.14251613238
1569.26221986983
1580.30968389769
1591.1339789721
1602.01863750715
1612.74212264166
1623.938831118
1634.73537221161
1645.68326668771
1656.60848898967
1667.24747049738
1678.30548513185
1689.30068483372
1700.22733256243
1711.27909050973
1722.38435001711
1733.52658855776
1744.25016259459
1755.46052839597
1766.47502065812
1777.90237555028
1788.96435506496
1800.03229490759
1810.99861086468
1821.56490849742
1831.91323567468
1842.34916304288
1853.08132287305
1864.20244091804
1874.89380827885
1885.84302126461
1896.89362600691
1907.56749834105
1918.56762121082
1929.32262730056
1940.22647174469
1951.24228743888
1962.21744265933
1973.01770771391
1984.30063843846
1995.37271733194
2006.21779911417
2017.4767855372
2028.34956130433
2039.31461725791
2049.97453593416
2060.94642548621
2071.49133862474
2082.11582293781
2093.0425653478
2103.99964474828
2114.57044292787
2125.08306282162
2135.83089899811
2146.62033882997
2157.83519537971
2168.61584533582
2179.79315220957
2190.71573937974
2201.20434917143
2212.00164420807
2222.59126391175
2233.61527260357
2244.79373973823
2255.83844712371
2266.81911222786
2277.5511329596
2288.53138252265
