# Fix print output for fix 3
22.6601677380421
41.3464717001141
57.1295193214384
72.021067316208
86.2777717760945
102.389853574693
118.427549146914
132.215657237104
146.242588697053
158.991135923884
172.101225089009
185.516073434708
199.60317838707
215.972839374985
230.082094597917
244.076721860635
257.981516626335
272.583166312815
286.758377736636
300.96591689215
315.406998558171
329.139289762733
343.269456512537
356.909273546366
369.468160110276
382.070723304082
395.156790197578
408.650486251839
421.270019509884
434.417084822672
446.622066308375
459.223198458393
471.764681811796
483.749852969721
496.1337088706
508.585674420921
521.294571591048
533.898424273729
546.715847063318
559.06893709732
571.514201822526
583.984742402761
596.365261664909
608.850627409965
621.010290271505
633.96783533511
645.778964611591
658.217075356765
670.11491149497
682.759597391349
695.121909095036
707.191379247159
719.323469847807
731.505447459414
743.800767678976
754.887974095556
766.854487268461
778.421186147158
789.46420219023
800.716394018179
812.066255375606
823.247473093864
834.219298819943
845.821694518224
857.641708239911
869.396769648164
881.108662641863
892.511785223213
904.22263048832
916.044160213953
927.538259130945
939.55875054508
950.887793325153
962.606637746802
974.1613028492
985.246641453446
996.459781902408
1007.96665329788
1019.69759439317
1031.36596694404
1042.78823655359
1054.75723058937
1066.83593824653
1078.75516406723
1090.14396653871
1101.94956803862
1113.84407029013
1125.29479103336
1136.72860347509
1148.56462153668
1160.09624187443
1171.41217518528
1182.89093348167
1193.89509338589
1205.31811784918
1216.55371561636
1227.77299735418
1238.97619162705
1250.44702110055
1261.48922544269
1272.73198947051
1284.154421408
1295.05004451316
1306.83677025253
1318.57661002562
1330.07912130076
1341.31088924879
1352.3664874771
1363.68401461735
1375.07768342635
1386.80584824502
1398.44904739014
1409.62391586396
1420.90818139486
1432.11796460846
1443.28371514858
1454.5437946795
1466.07782250703
1477.64111945104
1488.57461532729
1499.75649232033
1511.35959554529
1522.9667500954
1534.52563055065
1546.27108766868
1557.62582174102
1569.28709552382
1581.03255279019
1592.06083294237
1603.02246133436
1614.61245262943
1626.00943743013
1637.26121656554
1648.60883983142
1659.871374452
1671.40019911492
1682.6573303493
1694.22447808168
1705.53057928229
1717.20485707809
1728.61456444542
1739.82117948226
1750.83806576438
1761.86482816877
1773.66277825879
1785.28096002898
1796.44118784472
1808.47078873456
1819.25850858738
1830.31969794005
1842.0403320997
1853.64327747941
1865.51161688802
1876.67724804718
1887.87441742503
1899.71111554163
1911.47898159102
1922.71658914367
1934.25345510422
1945.43741065315
1956.85443231156
1968.09739391023
1979.14155394989
1990.23253153848
2001.12707470689
2012.62746794467
2024.14784536274
2035.38747550306
2046.77285610356
2058.08571509256
2069.23856521822
2080.67421680788
2092.10168618743
2103.39033320702
2114.37429023604
2125.48478687621
2136.68403633061
2148.00881589997
2159.15875058656
2170.82691780239
2182.02121607876
2193.5361510259
2204.80201017469
2216.01586826579
2227.44858103593
2239.05066792502
2250.71335802207
2262.55259442894
2273.68153150144
2284.76670455265
2296.34827150342
2307.52300528748
2318.86283828815
2330.2811219579
2341.94744305703
2353.18592914197
2364.56120592045
2376.63023964901
2388.3964890621
2400.20067501142
