# Fix print output for fix 3
22.0014485385991
39.0499358487542
60.5017002428257
80.4151745713246
98.2399959464257
114.028043989274
129.717663128494
143.324008114481
164.665062400945
179.714151460101
194.28758022522
208.926255737222
222.966072184761
235.70109953967
247.43464364572
258.31838974877
269.53277302501
281.458244440897
293.634638534959
306.010352419274
318.555040312443
330.989206705537
342.356950988701
353.71585035583
365.954470504213
378.197059309411
390.458790405077
402.908839194249
415.171304165552
427.513344640402
439.531105133316
451.652716798517
464.070072598598
477.137125018582
488.802719379739
500.654959581184
512.275902556722
523.883563857859
535.93319397259
547.585087207362
559.691805598597
571.694237888474
583.903018901973
595.549035089247
607.248387759452
618.838071466781
630.984973599082
642.183414575843
653.598509086878
664.588068126032
676.184848229886
687.354182009126
699.310318894125
710.894717951468
721.906872111169
733.001494406986
744.092732223993
755.797014611567
767.334837223427
778.76203530732
789.563880665315
800.76843210262
811.789924327616
822.945378266612
833.969303064888
845.720849374984
856.846898756139
868.827377252454
880.008238190962
891.190408389279
903.074733664636
914.129939886561
925.1928733403
936.231055456896
946.842537192904
957.807308534887
968.389506295826
979.431664748953
990.075116417272
1000.94182069282
1012.19915917502
1023.7274838843
1034.89548799632
1046.25533705725
1057.51074945107
1068.2913160479
1079.26987037646
1090.38694698111
1100.85388632935
1111.73898493272
1122.73319839127
1132.98593504581
1143.84956802012
1154.78771542084
1166.30182763444
1178.05388410723
1189.73049185291
1200.60321349946
1211.65684640177
1222.70070397638
1233.35307948593
1244.37481155461
1255.05194497871
1265.8580238369
1277.06026899416
1287.86648280704
1298.81019135459
1310.12447155961
1321.10320450813
1332.10757794139
1343.54202469096
1354.52403159215
1365.12178011927
1376.28508624908
1387.17009788404
1398.08419187637
1408.80599371109
1420.34672497143
1431.59924954583
1442.4023688654
1453.15962934528
1464.29141666141
1474.89386514851
1486.01431462711
1496.61440789873
1507.00137538671
1517.71713920154
1528.94635316558
1540.13327372478
1551.23161897746
1561.90017222488
1573.26599775705
1584.09202786951
1594.99204099101
1605.92296572316
1616.8112830289
1627.27641555125
1638.49579426453
1649.16382146253
1660.02534353145
1670.78207894521
1681.46150155346
1691.771652539
1702.87560707882
1714.31416667754
1725.40981111215
1736.98765234996
1747.67766971205
1758.2878759848
1768.9859875315
1780.02114935411
1790.85851873362
1802.07795038457
1812.83344196701
1823.98938286983
1834.63731774097
1845.35600315357
1856.54010331398
1867.67860323817
1878.23593498399
1888.69097266804
1899.33678101886
1909.91937662323
1920.69531195861
1931.32577786092
1942.36735164676
1953.53749496266
1964.39993386001
1975.01167179775
1985.87857056798
1996.88238633842
2007.83202313156
2018.7665886889
2029.72551918473
2040.02468095542
2050.722644102
2061.64572027845
2071.86771055255
2082.52652465686
2093.27143154318
2104.15859632664
2114.48019937665
2125.02792223877
2135.66952959587
2146.31743102573
2156.92217455287
2167.41439018143
2178.24513633631
2189.27222816162
2199.96248836709
2210.59649026238
2220.90647908971
2231.17912019128
2241.91983318205
2252.28389849047
2262.80803429345
2273.48962389226
2284.4272621556
2295.14598306463
2306.08207787379
